Policy after learning:
[['E' 'E' 'E' 'T']
 ['N' 'X' 'W' 'T']
 ['N' 'W' 'W' 'S']]

Final Q-values:
[[[ 4.60114698e-01  5.47578915e-01  3.72430706e-01  4.48008906e-01]
  [ 5.91418757e-01  7.09618356e-01  5.65760269e-01  4.80247346e-01]
  [ 6.22984446e-01  8.94040527e-01  2.10214627e-01  4.84295419e-01]
  [ 0.00000000e+00  0.00000000e+00  0.00000000e+00  0.00000000e+00]]

 [[ 4.19368558e-01  3.55035290e-01  2.91059759e-01  3.47730156e-01]
  [ 0.00000000e+00  0.00000000e+00  0.00000000e+00  0.00000000e+00]
  [-1.73170206e+01 -1.90424089e+02 -4.46541850e-01  1.92172342e-01]
  [ 0.00000000e+00  0.00000000e+00  0.00000000e+00  0.00000000e+00]]

 [[ 3.38607922e-01  2.16405915e-01  2.37016807e-01  2.51315104e-01]
  [ 5.20265700e-02  6.15223768e-02  1.38880243e-01  2.51726866e-01]
  [-7.32738665e-02 -7.78545240e-02 -6.67360479e-02  1.72154166e-01]
  [-2.00040000e+01 -3.80140476e+01 -1.50572613e-01 -2.00372127e+01]]]