Policy after learning:
[['E' 'E' 'E' 'T']
 ['N' 'X' 'N' 'T']
 ['N' 'W' 'N' 'W']]

Final Q-values:
[[[ 0.48681059  0.6269712   0.38581221  0.46390045]
  [ 0.5972472   0.75221521  0.62325559  0.50268208]
  [ 0.68459985  0.93995272  0.49506923  0.61348667]
  [ 0.          0.          0.          0.        ]]

 [[ 0.48821626  0.38168697  0.30577407  0.38497686]
  [ 0.          0.          0.          0.        ]
  [ 0.49375639 -0.65456693  0.03506681  0.03526761]
  [ 0.          0.          0.          0.        ]]

 [[ 0.36465714  0.22418632  0.25643354  0.27012852]
  [ 0.09782148  0.09863828  0.05029581  0.23544913]
  [ 0.1932802   0.00174661  0.07734645  0.0874154 ]
  [-0.2842376  -0.1574752  -0.10322105 -0.02169684]]]